                               Air Lift - Description of the internal state

 PT HT  P00 P01 P02 P03 P04 P05 P06 P07 P08 P09 P10 P11 P12 P13 P14 P15 P16 P17 P18 P19 P20  InQ InF toB
  0  0    0   0   0   0   0   0   0   0   0   0   0   0   0   0   0   0   0   0   0   0   0    0   0   0
  0  0    0   0   0   0   0   0   0   0   0   0   0   0   0   0   0   0   0   0   0   0   0    0   0   0
  1  0    0   0   0   0   0   0   0   0   0   0   0   0   0   0   0   0   0   0   0   0   0    0   0   0
Flight 1 : Boarding Started
 PT HT  P00 P01 P02 P03 P04 P05 P06 P07 P08 P09 P10 P11 P12 P13 P14 P15 P16 P17 P18 P19 P20  InQ InF toB
  2  0    0   0   0   0   0   0   0   0   0   0   0   0   0   0   0   0   0   0   0   0   0    0   0   0
  2  1    0   0   0   0   0   0   0   0   0   0   0   0   0   0   0   0   0   0   0   0   0    0   0   0
  2  1    0   0   0   0   0   0   1   0   0   0   0   0   0   0   0   0   0   0   0   0   0    1   0   0
  2  2    0   0   0   0   0   0   1   0   0   0   0   0   0   0   0   0   0   0   0   0   0    1   0   0
  2  2    0   0   0   0   0   0   2   0   0   0   0   0   0   0   0   0   0   0   0   0   0    1   0   0
Flight 1 : Passenger 6 checked
  2  2    0   0   0   0   0   0   2   0   0   0   0   0   0   0   0   0   0   0   0   0   0    0   1   1
  2  1    0   0   0   0   0   0   2   0   0   0   0   0   0   0   0   0   0   0   0   0   0    0   1   1
  2  1    0   0   0   0   0   0   2   0   0   0   0   0   0   0   0   0   1   0   0   0   0    1   1   1
  2  2    0   0   0   0   0   0   2   0   0   0   0   0   0   0   0   0   1   0   0   0   0    1   1   1
  2  2    0   0   0   0   0   0   2   0   0   0   0   0   0   0   0   0   2   0   0   0   0    1   1   1
Flight 1 : Passenger 16 checked
  2  2    0   0   0   0   0   0   2   0   0   0   0   0   0   0   0   0   2   0   0   0   0    0   2   2
  2  1    0   0   0   0   0   0   2   0   0   0   0   0   0   0   0   0   2   0   0   0   0    0   2   2
  2  1    0   0   0   0   0   0   2   0   0   0   0   0   1   0   0   0   2   0   0   0   0    1   2   2
  2  2    0   0   0   0   0   0   2   0   0   0   0   0   1   0   0   0   2   0   0   0   0    1   2   2
  2  2    0   0   0   0   0   0   2   0   0   0   0   0   2   0   0   0   2   0   0   0   0    1   2   2
Flight 1 : Passenger 12 checked
  2  2    0   0   0   0   0   0   2   0   0   0   0   0   2   0   0   0   2   0   0   0   0    0   3   3
  2  1    0   0   0   0   0   0   2   0   0   0   0   0   2   0   0   0   2   0   0   0   0    0   3   3
  2  1    0   0   0   0   0   0   2   0   0   0   0   0   2   0   0   1   2   0   0   0   0    1   3   3
  2  1    0   0   0   0   0   1   2   0   0   0   0   0   2   0   0   1   2   0   0   0   0    2   3   3
  2  1    0   1   0   0   0   1   2   0   0   0   0   0   2   0   0   1   2   0   0   0   0    3   3   3
  2  1    0   1   0   0   1   1   2   0   0   0   0   0   2   0   0   1   2   0   0   0   0    4   3   3
  2  2    0   1   0   0   1   1   2   0   0   0   0   0   2   0   0   1   2   0   0   0   0    4   3   3
  2  2    0   1   0   0   1   1   2   0   0   0   0   0   2   0   0   2   2   0   0   0   0    4   3   3
Flight 1 : Passenger 15 checked
  2  2    0   1   0   0   1   1   2   0   0   0   0   0   2   0   0   2   2   0   0   0   0    3   4   4
  2  1    0   1   0   0   1   1   2   0   0   0   0   0   2   0   0   2   2   0   0   0   0    3   4   4
  2  2    0   1   0   0   1   1   2   0   0   0   0   0   2   0   0   2   2   0   0   0   0    3   4   4
  2  2    0   1   0   0   1   2   2   0   0   0   0   0   2   0   0   2   2   0   0   0   0    3   4   4
Flight 1 : Passenger 5 checked
  2  2    0   1   0   0   1   2   2   0   0   0   0   0   2   0   0   2   2   0   0   0   0    2   5   5
  2  1    0   1   0   0   1   2   2   0   0   0   0   0   2   0   0   2   2   0   0   0   0    2   5   5
  2  2    0   1   0   0   1   2   2   0   0   0   0   0   2   0   0   2   2   0   0   0   0    2   5   5
  2  2    0   2   0   0   1   2   2   0   0   0   0   0   2   0   0   2   2   0   0   0   0    2   5   5
Flight 1 : Passenger 1 checked
  2  2    0   2   0   0   1   2   2   0   0   0   0   0   2   0   0   2   2   0   0   0   0    1   6   6
  2  1    0   2   0   0   1   2   2   0   0   0   0   0   2   0   0   2   2   0   0   0   0    1   6   6
  2  2    0   2   0   0   1   2   2   0   0   0   0   0   2   0   0   2   2   0   0   0   0    1   6   6
  2  2    0   2   0   0   2   2   2   0   0   0   0   0   2   0   0   2   2   0   0   0   0    1   6   6
Flight 1 : Passenger 4 checked
  2  2    0   2   0   0   2   2   2   0   0   0   0   0   2   0   0   2   2   0   0   0   0    0   7   7
  2  2    0   2   0   0   2   2   2   0   0   0   0   0   2   0   0   2   2   0   1   0   0    1   7   7
  2  3    0   2   0   0   2   2   2   0   0   0   0   0   2   0   0   2   2   0   1   0   0    1   7   7
Flight 1 : Departed with 7 passengers
 PT HT  P00 P01 P02 P03 P04 P05 P06 P07 P08 P09 P10 P11 P12 P13 P14 P15 P16 P17 P18 P19 P20  InQ InF toB
  2  3    0   2   0   0   2   2   2   0   0   0   0   1   2   0   0   2   2   0   1   0   0    2   7   7
  2  0    0   2   0   0   2   2   2   0   0   0   0   1   2   0   0   2   2   0   1   0   0    2   7   7
  3  0    0   2   0   0   2   2   2   0   0   0   0   1   2   0   0   2   2   0   1   0   0    2   7   7
Flight 1 : Arrived 
 PT HT  P00 P01 P02 P03 P04 P05 P06 P07 P08 P09 P10 P11 P12 P13 P14 P15 P16 P17 P18 P19 P20  InQ InF toB
  4  0    0   2   0   0   2   2   2   0   0   0   0   1   2   0   0   2   2   0   1   0   0    2   7   7
  4  0    0   2   0   0   2   2   3   0   0   0   0   1   2   0   0   2   2   0   1   0   0    2   6   7
  4  0    0   2   0   0   2   2   3   0   0   0   0   1   2   0   0   2   3   0   1   0   0    2   5   7
  4  0    0   3   0   0   2   2   3   0   0   0   0   1   2   0   0   2   3   0   1   0   0    2   4   7
  4  0    0   3   0   0   2   3   3   0   0   0   0   1   2   0   0   2   3   0   1   0   0    2   3   7
  4  0    0   3   0   0   2   3   3   0   0   0   0   1   3   0   0   2   3   0   1   0   0    2   2   7
  4  0    0   3   0   0   3   3   3   0   0   0   0   1   3   0   0   2   3   0   1   0   0    2   1   7
  4  0    0   3   0   0   3   3   3   0   0   0   0   1   3   0   0   3   3   0   1   0   0    2   0   7
Flight 1 : Returning 
 PT HT  P00 P01 P02 P03 P04 P05 P06 P07 P08 P09 P10 P11 P12 P13 P14 P15 P16 P17 P18 P19 P20  InQ InF toB
  0  0    0   3   0   0   3   3   3   0   0   0   0   1   3   0   0   3   3   0   1   0   0    2   0   7
  0  0    0   3   0   0   3   3   3   0   0   0   0   1   3   0   1   3   3   0   1   0   0    3   0   7
  0  0    0   3   0   0   3   3   3   1   0   0   0   1   3   0   1   3   3   0   1   0   0    4   0   7
  1  0    0   3   0   0   3   3   3   1   0   0   0   1   3   0   1   3   3   0   1   0   0    4   0   7
Flight 2 : Boarding Started
 PT HT  P00 P01 P02 P03 P04 P05 P06 P07 P08 P09 P10 P11 P12 P13 P14 P15 P16 P17 P18 P19 P20  InQ InF toB
  2  0    0   3   0   0   3   3   3   1   0   0   0   1   3   0   1   3   3   0   1   0   0    4   0   7
  2  1    0   3   0   0   3   3   3   1   0   0   0   1   3   0   1   3   3   0   1   0   0    4   0   7
  2  2    0   3   0   0   3   3   3   1   0   0   0   1   3   0   1   3   3   0   1   0   0    4   0   7
  2  2    0   3   0   0   3   3   3   1   0   0   0   1   3   0   1   3   3   0   2   0   0    4   0   7
Flight 2 : Passenger 18 checked
  2  2    0   3   0   0   3   3   3   1   0   0   0   1   3   0   1   3   3   0   2   0   0    3   1   8
  2  1    0   3   0   0   3   3   3   1   0   0   0   1   3   0   1   3   3   0   2   0   0    3   1   8
  2  2    0   3   0   0   3   3   3   1   0   0   0   1   3   0   1   3   3   0   2   0   0    3   1   8
  2  2    0   3   0   0   3   3   3   1   0   0   0   2   3   0   1   3   3   0   2   0   0    3   1   8
Flight 2 : Passenger 11 checked
  2  2    0   3   0   0   3   3   3   1   0   0   0   2   3   0   1   3   3   0   2   0   0    2   2   9
  2  1    0   3   0   0   3   3   3   1   0   0   0   2   3   0   1   3   3   0   2   0   0    2   2   9
  2  2    0   3   0   0   3   3   3   1   0   0   0   2   3   0   1   3   3   0   2   0   0    2   2   9
  2  2    0   3   0   0   3   3   3   1   0   0   0   2   3   0   2   3   3   0   2   0   0    2   2   9
Flight 2 : Passenger 14 checked
  2  2    0   3   0   0   3   3   3   1   0   0   0   2   3   0   2   3   3   0   2   0   0    1   3  10
  2  1    0   3   0   0   3   3   3   1   0   0   0   2   3   0   2   3   3   0   2   0   0    1   3  10
  2  2    0   3   0   0   3   3   3   1   0   0   0   2   3   0   2   3   3   0   2   0   0    1   3  10
  2  2    0   3   0   0   3   3   3   2   0   0   0   2   3   0   2   3   3   0   2   0   0    1   3  10
Flight 2 : Passenger 7 checked
  2  2    0   3   0   0   3   3   3   2   0   0   0   2   3   0   2   3   3   0   2   0   0    0   4  11
  2  1    0   3   0   0   3   3   3   2   0   0   0   2   3   0   2   3   3   0   2   0   0    0   4  11
  2  1    0   3   0   1   3   3   3   2   0   0   0   2   3   0   2   3   3   0   2   0   0    1   4  11
  2  2    0   3   0   1   3   3   3   2   0   0   0   2   3   0   2   3   3   0   2   0   0    1   4  11
  2  2    0   3   0   2   3   3   3   2   0   0   0   2   3   0   2   3   3   0   2   0   0    1   4  11
Flight 2 : Passenger 3 checked
  2  2    0   3   0   2   3   3   3   2   0   0   0   2   3   0   2   3   3   0   2   0   0    0   5  12
  2  3    0   3   0   2   3   3   3   2   0   0   0   2   3   0   2   3   3   0   2   0   0    0   5  12
Flight 2 : Departed with 5 passengers
 PT HT  P00 P01 P02 P03 P04 P05 P06 P07 P08 P09 P10 P11 P12 P13 P14 P15 P16 P17 P18 P19 P20  InQ InF toB
  2  0    0   3   0   2   3   3   3   2   0   0   0   2   3   0   2   3   3   0   2   0   0    0   5  12
  3  0    0   3   0   2   3   3   3   2   0   0   0   2   3   0   2   3   3   0   2   0   0    0   5  12
  3  0    0   3   0   2   3   3   3   2   0   0   1   2   3   0   2   3   3   0   2   0   0    1   5  12
  3  0    0   3   0   2   3   3   3   2   0   0   1   2   3   0   2   3   3   1   2   0   0    2   5  12
Flight 2 : Arrived 
 PT HT  P00 P01 P02 P03 P04 P05 P06 P07 P08 P09 P10 P11 P12 P13 P14 P15 P16 P17 P18 P19 P20  InQ InF toB
  4  0    0   3   0   2   3   3   3   2   0   0   1   2   3   0   2   3   3   1   2   0   0    2   5  12
  4  0    0   3   0   2   3   3   3   2   0   0   1   2   3   0   2   3   3   1   2   0   1    3   5  12
  4  0    0   3   0   2   3   3   3   2   0   0   1   2   3   1   2   3   3   1   2   0   1    4   5  12
  4  0    0   3   0   2   3   3   3   2   0   0   1   2   3   1   2   3   3   1   3   0   1    4   4  12
  4  0    0   3   0   3   3   3   3   2   0   0   1   2   3   1   2   3   3   1   3   0   1    4   3  12
  4  0    0   3   0   3   3   3   3   2   0   0   1   2   3   1   3   3   3   1   3   0   1    4   2  12
  4  0    0   3   0   3   3   3   3   3   0   0   1   2   3   1   3   3   3   1   3   0   1    4   1  12
  4  0    0   3   0   3   3   3   3   3   0   0   1   3   3   1   3   3   3   1   3   0   1    4   0  12
Flight 2 : Returning 
 PT HT  P00 P01 P02 P03 P04 P05 P06 P07 P08 P09 P10 P11 P12 P13 P14 P15 P16 P17 P18 P19 P20  InQ InF toB
  0  0    0   3   0   3   3   3   3   3   0   0   1   3   3   1   3   3   3   1   3   0   1    4   0  12
  0  0    0   3   1   3   3   3   3   3   0   0   1   3   3   1   3   3   3   1   3   0   1    5   0  12
  0  0    0   3   1   3   3   3   3   3   0   1   1   3   3   1   3   3   3   1   3   0   1    6   0  12
  1  0    0   3   1   3   3   3   3   3   0   1   1   3   3   1   3   3   3   1   3   0   1    6   0  12
Flight 3 : Boarding Started
 PT HT  P00 P01 P02 P03 P04 P05 P06 P07 P08 P09 P10 P11 P12 P13 P14 P15 P16 P17 P18 P19 P20  InQ InF toB
  2  0    0   3   1   3   3   3   3   3   0   1   1   3   3   1   3   3   3   1   3   0   1    6   0  12
  2  1    0   3   1   3   3   3   3   3   0   1   1   3   3   1   3   3   3   1   3   0   1    6   0  12
  2  2    0   3   1   3   3   3   3   3   0   1   1   3   3   1   3   3   3   1   3   0   1    6   0  12
  2  2    0   3   1   3   3   3   3   3   0   1   2   3   3   1   3   3   3   1   3   0   1    6   0  12
Flight 3 : Passenger 10 checked
  2  2    0   3   1   3   3   3   3   3   0   1   2   3   3   1   3   3   3   1   3   0   1    5   1  13
  2  1    0   3   1   3   3   3   3   3   0   1   2   3   3   1   3   3   3   1   3   0   1    5   1  13
  2  2    0   3   1   3   3   3   3   3   0   1   2   3   3   1   3   3   3   1   3   0   1    5   1  13
  2  2    0   3   1   3   3   3   3   3   0   1   2   3   3   1   3   3   3   2   3   0   1    5   1  13
Flight 3 : Passenger 17 checked
  2  2    0   3   1   3   3   3   3   3   0   1   2   3   3   1   3   3   3   2   3   0   1    4   2  14
  2  1    0   3   1   3   3   3   3   3   0   1   2   3   3   1   3   3   3   2   3   0   1    4   2  14
  2  2    0   3   1   3   3   3   3   3   0   1   2   3   3   1   3   3   3   2   3   0   1    4   2  14
  2  2    0   3   1   3   3   3   3   3   0   1   2   3   3   1   3   3   3   2   3   0   2    4   2  14
Flight 3 : Passenger 20 checked
  2  2    0   3   1   3   3   3   3   3   0   1   2   3   3   1   3   3   3   2   3   0   2    3   3  15
  2  1    0   3   1   3   3   3   3   3   0   1   2   3   3   1   3   3   3   2   3   0   2    3   3  15
  2  2    0   3   1   3   3   3   3   3   0   1   2   3   3   1   3   3   3   2   3   0   2    3   3  15
  2  2    0   3   1   3   3   3   3   3   0   1   2   3   3   2   3   3   3   2   3   0   2    3   3  15
Flight 3 : Passenger 13 checked
  2  2    0   3   1   3   3   3   3   3   0   1   2   3   3   2   3   3   3   2   3   0   2    2   4  16
  2  1    0   3   1   3   3   3   3   3   0   1   2   3   3   2   3   3   3   2   3   0   2    2   4  16
  2  2    0   3   1   3   3   3   3   3   0   1   2   3   3   2   3   3   3   2   3   0   2    2   4  16
  2  2    0   3   2   3   3   3   3   3   0   1   2   3   3   2   3   3   3   2   3   0   2    2   4  16
Flight 3 : Passenger 2 checked
  2  2    0   3   2   3   3   3   3   3   0   1   2   3   3   2   3   3   3   2   3   0   2    1   5  17
  2  1    0   3   2   3   3   3   3   3   0   1   2   3   3   2   3   3   3   2   3   0   2    1   5  17
  2  2    0   3   2   3   3   3   3   3   0   1   2   3   3   2   3   3   3   2   3   0   2    1   5  17
  2  2    0   3   2   3   3   3   3   3   0   2   2   3   3   2   3   3   3   2   3   0   2    1   5  17
Flight 3 : Passenger 9 checked
  2  2    0   3   2   3   3   3   3   3   0   2   2   3   3   2   3   3   3   2   3   0   2    0   6  18
  2  3    0   3   2   3   3   3   3   3   0   2   2   3   3   2   3   3   3   2   3   0   2    0   6  18
Flight 3 : Departed with 6 passengers
 PT HT  P00 P01 P02 P03 P04 P05 P06 P07 P08 P09 P10 P11 P12 P13 P14 P15 P16 P17 P18 P19 P20  InQ InF toB
  2  0    0   3   2   3   3   3   3   3   0   2   2   3   3   2   3   3   3   2   3   0   2    0   6  18
  3  0    0   3   2   3   3   3   3   3   0   2   2   3   3   2   3   3   3   2   3   0   2    0   6  18
Flight 3 : Arrived 
 PT HT  P00 P01 P02 P03 P04 P05 P06 P07 P08 P09 P10 P11 P12 P13 P14 P15 P16 P17 P18 P19 P20  InQ InF toB
  4  0    0   3   2   3   3   3   3   3   0   2   2   3   3   2   3   3   3   2   3   0   2    0   6  18
  4  0    0   3   2   3   3   3   3   3   0   2   3   3   3   2   3   3   3   2   3   0   2    0   5  18
  4  0    0   3   2   3   3   3   3   3   0   2   3   3   3   2   3   3   3   3   3   0   2    0   4  18
  4  0    0   3   3   3   3   3   3   3   0   2   3   3   3   2   3   3   3   3   3   0   2    0   3  18
  4  0    0   3   3   3   3   3   3   3   0   2   3   3   3   2   3   3   3   3   3   0   3    0   2  18
  4  0    0   3   3   3   3   3   3   3   0   3   3   3   3   2   3   3   3   3   3   0   3    0   1  18
  4  0    0   3   3   3   3   3   3   3   0   3   3   3   3   3   3   3   3   3   3   0   3    0   0  18
  4  0    0   3   3   3   3   3   3   3   0   3   3   3   3   3   3   3   3   3   3   1   3    1   0  18
Flight 3 : Returning 
 PT HT  P00 P01 P02 P03 P04 P05 P06 P07 P08 P09 P10 P11 P12 P13 P14 P15 P16 P17 P18 P19 P20  InQ InF toB
  0  0    0   3   3   3   3   3   3   3   0   3   3   3   3   3   3   3   3   3   3   1   3    1   0  18
  1  0    0   3   3   3   3   3   3   3   0   3   3   3   3   3   3   3   3   3   3   1   3    1   0  18
Flight 4 : Boarding Started
 PT HT  P00 P01 P02 P03 P04 P05 P06 P07 P08 P09 P10 P11 P12 P13 P14 P15 P16 P17 P18 P19 P20  InQ InF toB
  1  0    0   3   3   3   3   3   3   3   1   3   3   3   3   3   3   3   3   3   3   1   3    2   0  18
  2  0    0   3   3   3   3   3   3   3   1   3   3   3   3   3   3   3   3   3   3   1   3    2   0  18
  2  1    0   3   3   3   3   3   3   3   1   3   3   3   3   3   3   3   3   3   3   1   3    2   0  18
  2  2    0   3   3   3   3   3   3   3   1   3   3   3   3   3   3   3   3   3   3   1   3    2   0  18
  2  2    0   3   3   3   3   3   3   3   1   3   3   3   3   3   3   3   3   3   3   2   3    2   0  18
Flight 4 : Passenger 19 checked
  2  2    0   3   3   3   3   3   3   3   1   3   3   3   3   3   3   3   3   3   3   2   3    1   1  19
  2  1    0   3   3   3   3   3   3   3   1   3   3   3   3   3   3   3   3   3   3   2   3    1   1  19
  2  2    0   3   3   3   3   3   3   3   1   3   3   3   3   3   3   3   3   3   3   2   3    1   1  19
  2  2    0   3   3   3   3   3   3   3   2   3   3   3   3   3   3   3   3   3   3   2   3    1   1  19
Flight 4 : Passenger 8 checked
  2  2    0   3   3   3   3   3   3   3   2   3   3   3   3   3   3   3   3   3   3   2   3    0   2  20
  2  1    0   3   3   3   3   3   3   3   2   3   3   3   3   3   3   3   3   3   3   2   3    0   2  20
  2  1    1   3   3   3   3   3   3   3   2   3   3   3   3   3   3   3   3   3   3   2   3    1   2  20
  2  2    1   3   3   3   3   3   3   3   2   3   3   3   3   3   3   3   3   3   3   2   3    1   2  20
  2  2    2   3   3   3   3   3   3   3   2   3   3   3   3   3   3   3   3   3   3   2   3    1   2  20
Flight 4 : Passenger 0 checked
  2  2    2   3   3   3   3   3   3   3   2   3   3   3   3   3   3   3   3   3   3   2   3    0   3  21
  2  3    2   3   3   3   3   3   3   3   2   3   3   3   3   3   3   3   3   3   3   2   3    0   3  21
Flight 4 : Departed with 3 passengers
 PT HT  P00 P01 P02 P03 P04 P05 P06 P07 P08 P09 P10 P11 P12 P13 P14 P15 P16 P17 P18 P19 P20  InQ InF toB
  3  3    2   3   3   3   3   3   3   3   2   3   3   3   3   3   3   3   3   3   3   2   3    0   3  21
Flight 4 : Arrived 
 PT HT  P00 P01 P02 P03 P04 P05 P06 P07 P08 P09 P10 P11 P12 P13 P14 P15 P16 P17 P18 P19 P20  InQ InF toB
  4  3    2   3   3   3   3   3   3   3   2   3   3   3   3   3   3   3   3   3   3   2   3    0   3  21
  4  3    2   3   3   3   3   3   3   3   2   3   3   3   3   3   3   3   3   3   3   3   3    0   2  21
  4  3    2   3   3   3   3   3   3   3   3   3   3   3   3   3   3   3   3   3   3   3   3    0   1  21
  4  3    3   3   3   3   3   3   3   3   3   3   3   3   3   3   3   3   3   3   3   3   3    0   0  21
Flight 4 : Returning 
 PT HT  P00 P01 P02 P03 P04 P05 P06 P07 P08 P09 P10 P11 P12 P13 P14 P15 P16 P17 P18 P19 P20  InQ InF toB
AirLift result
AirLift used 4 Flights
Flight 1 took  7 passengers
Flight 2 took  5 passengers
Flight 3 took  6 passengers
Flight 4 took  3 passengers
